# Example for misincorporation damageprofiler file from the 3' end. Taken from damageprofiler's
# documentation at https://damageprofiler.readthedocs.io/en/latest/contents/output.html
Pos	C>T	G>A	A>C	A>G	A>T	C>A	C>G	G>C	G>T	T>A	T>C	T>G	->ACGT	ACGT>-
24	0.000248	0.000258	0.000296	0.000386	0.000044	0.000525	0.000109	0.000203	0.002131	0.000115	0.000656	0.001596	0.000006	0.000000
23	0.000275	0.000256	0.000214	0.000338	0.000051	0.000724	0.000109	0.000188	0.002326	0.000070	0.000559	0.000881	0.000006	0.000000
22	0.000268	0.000250	0.000246	0.000404	0.000051	0.000830	0.000086	0.000200	0.002445	0.000098	0.000569	0.000831	0.000007	0.000000
21	0.000246	0.000242	0.000278	0.000334	0.000036	0.000573	0.000102	0.000220	0.002472	0.000072	0.000619	0.001269	0.000006	0.000000
20	0.000282	0.000245	0.000271	0.000361	0.000049	0.000662	0.000095	0.000227	0.002662	0.000091	0.000614	0.000780	0.000006	0.000000
19	0.000267	0.000267	0.000316	0.000388	0.000030	0.000554	0.000107	0.000192	0.002586	0.000087	0.000568	0.001162	0.000003	0.000000
18	0.000300	0.000224	0.000343	0.000341	0.000048	0.000538	0.000089	0.000182	0.002671	0.000075	0.000575	0.000658	0.000004	0.000000
17	0.000469	0.000341	0.000713	0.000483	0.000135	0.000996	0.000172	0.000376	0.003674	0.000213	0.001160	0.001817	0.000004	0.000000
16	0.000399	0.000323	0.000726	0.000486	0.000145	0.001122	0.000154	0.000329	0.003671	0.000198	0.001117	0.001621	0.000004	0.000000
15	0.000414	0.000314	0.000741	0.000508	0.000159	0.001067	0.000217	0.000429	0.004539	0.000225	0.001029	0.002112	0.000005	0.000000
14	0.000439	0.000304	0.000794	0.000527	0.000146	0.001057	0.000184	0.000371	0.004551	0.000209	0.001075	0.001660	0.000006	0.000000
13	0.000414	0.000327	0.000860	0.000576	0.000207	0.001253	0.000201	0.000448	0.004364	0.000268	0.001164	0.001677	0.000003	0.000000
12	0.000484	0.000308	0.000757	0.000566	0.000228	0.001067	0.000279	0.000398	0.005160	0.000225	0.001138	0.001752	0.000006	0.000000
11	0.000470	0.000321	0.000929	0.000598	0.000196	0.001022	0.000266	0.000423	0.006218	0.000189	0.000972	0.001913	0.000006	0.000000
10	0.000446	0.000289	0.001080	0.000688	0.000218	0.001079	0.000280	0.000442	0.005494	0.000228	0.001125	0.001768	0.000008	0.000000
9	0.000532	0.000328	0.001018	0.000715	0.000209	0.001103	0.000297	0.000390	0.005113	0.000197	0.001253	0.001794	0.000009	0.000000
8	0.000482	0.000400	0.001465	0.000856	0.000247	0.000965	0.000295	0.000459	0.005073	0.000210	0.001208	0.002283	0.000015	0.000000
7	0.000486	0.000292	0.001453	0.000857	0.000289	0.001026	0.000396	0.000386	0.004768	0.000209	0.001202	0.002129	0.000010	0.000000
6	0.000552	0.000343	0.001656	0.000926	0.000327	0.000942	0.000406	0.000492	0.004883	0.000209	0.001359	0.002038	0.000013	0.000000
5	0.000714	0.000363	0.002023	0.001049	0.000585	0.000991	0.000450	0.000531	0.005448	0.000258	0.001475	0.002365	0.000014	0.000000
4	0.000704	0.000443	0.002228	0.001143	0.000678	0.000922	0.000514	0.000482	0.005901	0.000225	0.001406	0.002568	0.000009	0.000000
3	0.000675	0.000525	0.002288	0.001374	0.000601	0.001109	0.000625	0.000536	0.005425	0.000268	0.001463	0.002742	0.000008	0.000000
2	0.000924	0.000591	0.002546	0.001606	0.000794	0.001163	0.000748	0.000485	0.006705	0.000254	0.001351	0.003015	0.000003	0.000000
1	0.000781	0.000735	0.003070	0.001809	0.000873	0.001188	0.000947	0.000527	0.007059	0.000323	0.001430	0.003410	0.000002	0.000000
0	0.000332	0.000821	0.000691	0.000970	0.000185	0.000617	0.000447	0.000245	0.002526	0.000219	0.000597	0.001067	0.000000	0.000000
